ZHD|D0010|001|SUPPLIRID|DISTRBTR|20241007|120000|
026|1234567890123|E|
028|01|210|kWh|00001|A|20241001|00000|20241007|00000|12345.67|N|
029|1|20241001|00000|11234.56|C|A|20241007|120000|
029|2|20241007|00000|12345.67|C|A|20241007|120000|
028|02|220|kWh|00001|A|20241001|00000|20241007|00000|8765.43|N|
029|1|20241001|00000|7654.32|C|A|20241007|120000|
029|2|20241007|00000|8765.43|C|A|20241007|120000|
026|9876543210987|E|
028|01|210|kWh|00001|A|20240930|00000|20241007|00000|54321.98|N|
029|1|20240930|00000|49876.54|C|A|20241007|120000|
029|2|20241007|00000|54321.98|C|A|20241007|120000|
028|02|220|kWh|00001|A|20240930|00000|20241007|00000|32109.87|N|
029|1|20240930|00000|28765.43|C|A|20241007|120000|
029|2|20241007|00000|32109.87|C|A|20241007|120000|
026|5555666677778|E|
028|01|210|kWh|00001|A|20240925|00000|20241005|00000|9876.54|N|
029|1|20240925|00000|8765.43|C|A|20241007|120000|
029|2|20241005|00000|9876.54|C|A|20241007|120000|
028|02|220|kWh|00001|A|20240925|00000|20241005|00000|6543.21|N|
029|1|20240925|00000|5432.10|C|A|20241007|120000|
029|2|20241005|00000|6543.21|C|A|20241007|120000|
ZTR|18|